Kinase	Kinome	ActLoop	PSP	NWK	Kin	Sub	Score	Rel.Score	Skew
ABL1	4	2	34	89	6	123	27.1661554144122	0.410479172047659	0.968969973714297
ABL2	3	2	7	11	5	18	9.48683298050514	0.143345544770249	0.827509877813842
ADRBK1	0	0	0	4	0	4	0	0	1
AKT1	0	0	1	10	0	11	0	0	1
AKT2	0	0	0	5	0	5	0	0	1
AKT3	0	0	0	5	0	5	0	0	1
ALK	61	0	39	0	61	39	48.7749935930288	0.736987574475653	0.362139794139992
ALPK3	0	0	0	0	0	0	0	0	0
ARAF	0	0	0	0	0	0	0	0	0
AURKA	0	0	0	0	0	0	0	0	0
AURKB	0	0	0	0	0	0	0	0	0
AURKC	0	0	0	0	0	0	0	0	0
AXL	6	0	0	730	6	730	66.1815684310972	1	0.994767626542279
BCR	0	0	0	0	0	0	0	0	0
BCR-ABL	0	0	1	0	0	1	0	0	1
BLK	0	0	0	0	0	0	0	0	0
BMP2K	0	0	0	0	0	0	0	0	0
BMPR2	0	0	0	0	0	0	0	0	0
BMX	0	0	49	0	0	49	0	0	1
BTK	0	0	0	8	0	8	0	0	1
BUB1	0	0	0	0	0	0	0	0	0
CAMK2A	0	0	0	1	0	1	0	0	1
CAMK2B	0	0	0	0	0	0	0	0	0
CDC42BPA	0	0	0	0	0	0	0	0	0
CDC42BPB	1	0	0	0	1	0	0	0	0
CDK1	48	0	1	0	48	1	6.92820323027551	0.104684784518043	0.0132609935998004
CDK16	2	0	0	0	2	0	0	0	0
CDK17	2	0	0	0	2	0	0	0	0
CDK2	47	0	1	7	47	8	19.3907194296653	0.29299274540242	0.107332145316026
CDK3	47	0	0	22	47	22	32.1558703816271	0.485873501397978	0.278706600068788
CDK4	0	0	0	0	0	0	0	0	0
CDK5	2	0	14	0	2	14	5.29150262212918	0.0799543248606787	0.909665529398267
CIT	0	0	0	0	0	0	0	0	0
CLK1	0	0	0	0	0	0	0	0	0
CLK2	0	0	0	0	0	0	0	0	0
CSF1R	0	0	0	16	0	16	0	0	1
CSK	1	0	0	132	1	132	11.4891252930761	0.173600075752777	0.995177215198451
CSNK1A1	0	0	0	0	0	0	0	0	0
CSNK1A1L	0	0	0	0	0	0	0	0	0
CSNK2A1	0	0	0	0	0	0	0	0	0
CSNK2A2	0	0	0	0	0	0	0	0	0
DCLK2	0	0	0	7	0	7	0	0	1
DDR1	0	0	0	0	0	0	0	0	0
DDR2	0	0	0	0	0	0	0	0	0
DYRK1A	12	12	0	0	24	0	0	0	0
DYRK1B	12	12	0	0	24	0	0	0	0
DYRK2	2	2	0	0	4	0	0	0	0
DYRK3	1	1	0	0	2	0	0	0	0
DYRK4	2	2	0	0	4	0	0	0	0
EEF2K	0	0	0	0	0	0	0	0	0
EGFR	5	0	35	185	5	220	33.166247903554	0.501140252336026	0.985533859193568
EPHA1	0	0	0	61	0	61	0	0	1
EPHA2	14	6	14	30	20	44	29.6647939483827	0.4482334681939	0.728400502439816
EPHA3	1	1	0	6	2	6	3.46410161513775	0.0523423922590214	0.795167235300867
EPHA4	1	1	0	3	2	3	2.44948974278318	0.0370116605098803	0.625665916378002
EPHA5	1	1	0	0	2	0	0	0	0
EPHA6	0	0	0	0	0	0	0	0	0
EPHA7	0	0	0	0	0	0	0	0	0
EPHA8	0	0	0	195	0	195	0	0	1
EPHB1	0	0	0	11	0	11	0	0	1
EPHB2	0	0	0	7	0	7	0	0	1
EPHB3	1	0	0	5	1	5	2.23606797749979	0.0337868689199743	0.874334083621998
EPHB4	1	1	0	3	2	3	2.44948974278318	0.0370116605098803	0.625665916378002
EPHB6	0	0	0	1	0	1	0	0	1
ERBB2	0	0	48	138	0	186	0	0	1
ERBB3	0	0	0	9	0	9	0	0	1
ERBB4	0	0	0	8	0	8	0	0	1
FAM20B	0	0	0	0	0	0	0	0	0
FER	1	1	11	0	2	11	4.69041575982343	0.0708719341504683	0.8855017059026
FES	0	0	0	257	0	257	0	0	1
FGFR1	1	1	3	54	2	57	10.6770782520313	0.161330087895203	0.977671624299765
FGFR2	0	0	0	1	0	1	0	0	1
FGFR3	0	0	1	0	0	1	0	0	1
FGFR4	0	0	0	115	0	115	0	0	1
FGR	1	0	38	39	1	77	8.77496438739212	0.132589247964528	0.991732675523459
FLT1	0	0	0	20	0	20	0	0	1
FLT3	0	0	0	0	0	0	0	0	0
FLT4	0	0	0	1	0	1	0	0	1
FRK	0	0	0	12	0	12	0	0	1
FYN	8	6	16	36	14	52	26.9814751264641	0.407688662660737	0.83257235378342
GAK	0	0	0	0	0	0	0	0	0
GSK3A	17	17	17	0	34	17	24.0416305603426	0.363267766695085	0.295167235300867
GSK3B	17	17	17	0	34	17	24.0416305603426	0.363267766695085	0.295167235300867
HCK	4	4	8	5	8	13	10.1980390271856	0.154091830534402	0.648805530597234
HIPK1	5	5	0	0	10	0	0	0	0
HIPK2	5	5	5	0	10	5	7.07106781186548	0.106843460792672	0.295167235300867
HIPK3	2	2	0	0	4	0	0	0	0
ICK	1	1	0	0	2	0	0	0	0
IGF1R	3	3	17	3	6	20	10.9544511501033	0.165521177720474	0.814452841844515
IKBKB	0	0	0	0	0	0	0	0	0
INSR	3	3	25	107	6	132	28.1424945589406	0.42523160490281	0.971082642194447
INSRR	0	0	0	14	0	14	0	0	1
ITK	0	0	1	27	0	28	0	0	1
JAK1	0	0	1	0	0	1	0	0	1
JAK2	2	0	36	0	2	36	8.48528137423857	0.128212152951206	0.964668554223731
JAK3	0	0	1	0	0	1	0	0	1
KDR	0	0	3	47	0	50	0	0	1
KIT	0	0	0	44	0	44	0	0	1
LATS1	0	0	0	0	0	0	0	0	0
LATS2	0	0	0	0	0	0	0	0	0
LCK	6	6	7	14	12	21	15.8745078663875	0.239862974582036	0.669501318922864
LIMK1	0	0	0	0	0	0	0	0	0
LIMK2	0	0	0	0	0	0	0	0	0
LMTK2	0	0	1	0	0	1	0	0	1
LYN	15	4	10	66	19	76	38	0.574177990954724	0.844041739245261
MAP2K1	0	0	39	46	0	85	0	0	1
MAP2K2	0	0	12	12	0	24	0	0	1
MAP2K3	0	0	23	14	0	37	0	0	1
MAP2K4	0	0	26	8	0	34	0	0	1
MAP2K5	0	0	1	9	0	10	0	0	1
MAP2K6	0	0	23	26	0	49	0	0	1
MAP2K7	0	0	1	24	0	25	0	0	1
MAP3K4	0	0	0	0	0	0	0	0	0
MAP3K5	0	0	24	0	0	24	0	0	1
MAP3K6	0	0	24	0	0	24	0	0	1
MAP4K3	0	0	0	0	0	0	0	0	0
MAP4K4	0	0	0	0	0	0	0	0	0
MAP4K5	2	0	0	0	2	0	0	0	0
MAPK1	10	10	3	8	20	11	14.8323969741913	0.22411673409695	0.320119930477478
MAPK10	1	1	0	1	2	1	1.4142135623731	0.0213686921585344	0.295167235300867
MAPK11	0	0	0	0	0	0	0	0	0
MAPK12	0	0	0	0	0	0	0	0	0
MAPK13	2	2	0	0	4	0	0	0	0
MAPK14	23	23	13	0	46	13	24.454038521275	0.369499229180924	0.17534170343906
MAPK3	12	12	15	21	24	36	29.3938769133981	0.444139926118563	0.625665916378002
MAPK7	1	1	0	0	2	0	0	0	0
MAPK8	1	1	0	0	2	0	0	0	0
MAPK9	2	2	0	0	4	0	0	0	0
MAPKAPK3	0	0	0	0	0	0	0	0	0
MARK2	0	0	0	0	0	0	0	0	0
MARK3	0	0	0	0	0	0	0	0	0
MAST1	0	0	0	2	0	2	0	0	1
MAST2	0	0	0	2	0	2	0	0	1
MAST3	0	0	0	8	0	8	0	0	1
MELK	0	0	0	0	0	0	0	0	0
MERTK	0	0	0	0	0	0	0	0	0
MET	3	3	75	131	6	206	35.1567916624939	0.53121726329433	0.981462917241186
MINK1	0	0	0	0	0	0	0	0	0
MST1R	0	0	3	3	0	6	0	0	1
MUSK	0	0	0	3	0	3	0	0	1
MYLK	0	0	0	0	0	0	0	0	0
MYLK3	0	0	0	0	0	0	0	0	0
NEK1	0	0	0	0	0	0	0	0	0
NEK2	0	0	0	1	0	1	0	0	1
NEK7	0	0	0	0	0	0	0	0	0
NPM-ALK	0	0	1	0	0	1	0	0	1
NRK	0	0	0	0	0	0	0	0	0
NTRK1	0	0	0	0	0	0	0	0	0
NTRK2	0	0	0	8	0	8	0	0	1
PAK1	0	0	0	0	0	0	0	0	0
PAK2	0	0	0	0	0	0	0	0	0
PAK4	0	0	0	0	0	0	0	0	0
PAK6	0	0	0	0	0	0	0	0	0
PBK	0	0	0	0	0	0	0	0	0
PDGFRA	0	0	6	18	0	24	0	0	1
PDGFRB	0	0	7	12	0	19	0	0	1
PDK1	0	0	0	0	0	0	0	0	0
PDK2	0	0	0	0	0	0	0	0	0
PDK3	0	0	0	0	0	0	0	0	0
PDK4	0	0	0	0	0	0	0	0	0
PDPK1	0	0	0	0	0	0	0	0	0
PEAK1	10	0	0	0	10	0	0	0	0
PKM	0	0	10	0	0	10	0	0	1
PKMYT1	0	0	48	0	0	48	0	0	1
PKN1	0	0	0	0	0	0	0	0	0
PKN2	0	0	0	0	0	0	0	0	0
PRKAA1	1	0	0	0	1	0	0	0	0
PRKACA	0	0	6	0	0	6	0	0	1
PRKACB	0	0	0	0	0	0	0	0	0
PRKCA	1	0	0	0	1	0	0	0	0
PRKCB	0	0	0	2	0	2	0	0	1
PRKCD	1	0	0	0	1	0	0	0	0
PRKCE	0	0	0	3	0	3	0	0	1
PRKCG	1	0	0	0	1	0	0	0	0
PRKCI	0	0	0	10	0	10	0	0	1
PRKD1	0	0	0	0	0	0	0	0	0
PRKD2	0	0	0	0	0	0	0	0	0
PRKD3	0	0	0	0	0	0	0	0	0
PRKDC	0	0	0	0	0	0	0	0	0
PRPF4B	18	18	0	0	36	0	0	0	0
PTK2	43	37	41	0	80	41	57.2712842531054	0.865366077153816	0.30150155135641
PTK2B	0	0	0	0	0	0	0	0	0
PTK6	0	0	0	2	0	2	0	0	1
RAF1	0	0	0	0	0	0	0	0	0
RET	0	0	100	0	0	100	0	0	1
RIPK1	1	0	0	0	1	0	0	0	0
RIPK2	3	0	0	0	3	0	0	0	0
ROCK1	0	0	0	10	0	10	0	0	1
ROCK2	0	0	0	0	0	0	0	0	0
ROR1	0	0	0	0	0	0	0	0	0
RPS6KA1	0	0	0	0	0	0	0	0	0
RPS6KA3	0	0	0	0	0	0	0	0	0
SLK	0	0	0	0	0	0	0	0	0
SRC	6	6	226	3	12	229	52.4213696883246	0.792084124493082	0.966670496594489
SRMS	0	0	0	13	0	13	0	0	1
STK11	0	0	0	2	0	2	0	0	1
SYK	1	0	1	0	1	1	1	0.0151099471303875	0.5
TAOK1	0	0	0	0	0	0	0	0	0
TAOK3	0	0	0	0	0	0	0	0	0
TBK1	0	0	0	0	0	0	0	0	0
TEC	0	0	0	20	0	20	0	0	1
TESK1	0	0	0	0	0	0	0	0	0
TGFBR2	1	1	1	0	2	1	1.4142135623731	0.0213686921585344	0.295167235300867
TNIK	0	0	0	0	0	0	0	0	0
TNK2	11	0	0	0	11	0	0	0	0
TRIM28	0	0	0	0	0	0	0	0	0
TRPM7	0	0	0	0	0	0	0	0	0
TTK	0	0	0	50	0	50	0	0	1
TXK	0	0	0	0	0	0	0	0	0
TYK2	3	0	0	19	3	19	7.54983443527075	0.11407759916012	0.900304148723373
TYRO3	0	0	0	0	0	0	0	0	0
WEE1	0	0	95	0	0	95	0	0	1
YES1	8	6	4	41	14	45	25.0998007960223	0.379256663011154	0.80798335142426
ZAP70	0	0	3	0	0	3	0	0	1
